config:
    marker_mode: Tool
    estimator_mode: Checkerboard
    calibration_mode: FixedEye
    marker_id: []
    size: 20.0
    rows: 8
    cols: 7
    error: 0.0
    camera_calibration: [[0.9977881085200263, -0.013727341860522872, 0.06504191403604821, 119.86192579388998],
            [-0.014291466222027517, -0.999864117177602, 0.008215909802280288, 1249.457773212832],
            [0.06492029335464371, -0.00912728141885059, -0.9978487100982033, 2935.246791553754],
            [0.0, 0.0, 0.0, 1.0]]
    tool_calibration: [[-0.7106857954550251, 0.7034068849040374, -0.01201891875571437, 69.05598301935522],
            [0.004722073483496125, -0.012314299250276314, -0.9999130262457785, 313.82513018182766],
            [-0.7034937115287346, -0.7106807386608791, 0.0054300585588398925, 62.29212220654659],
            [0.0, 0.0, 0.0, 1.0]]
    base2cam: [[0.9977881085200263, -0.013727341860522872, 0.06504191403604821, 119.86192579388998],
            [-0.014291466222027517, -0.999864117177602, 0.008215909802280288, 1249.457773212832],
            [0.06492029335464371, -0.00912728141885059, -0.9978487100982033, 2935.246791553754],
            [0.0, 0.0, 0.0, 1.0]]
    cam2base: [[0.9977881085200263, -0.014291466222027517, 0.06492029335464371, -292.29730343567877],
            [-0.013727341860522872, -0.999864117177602, -0.00912728141885059, 1277.7242024958637],
            [0.06504191403604821, 0.008215909802280288, -0.9978487100982033, 2910.870743331647],
            [0.0, 0.0, 0.0, 1.0]]
    score: 4.422065339573769
    frames_error: [2.2071617180871, 3.2221379090502538, 3.831636677828823, -1.0, 4.425319566455173, 6.185730761499056, 2.386895799476605, 3.1933541193060613, 3.3977117331543516, 1.2592389622234994, 1.3794754692203046, 5.76070701998395, -1.0, 2.984718695083208, 3.1026028950010796, 3.0107652963050424, 4.229450862781521, 3.8833805750147903, 4.900900684747354, 4.441808946026176, 5.659608404705446, 4.187885646074004, 6.285155806880423, -1.0, -1.0, 5.654381462861907, 8.332405638386057, 7.163458920004379, 4.941427336487752, 4.89767336367753, 7.504580183946492, 6.524395565905745, 4.812370406102127, 2.895619760936892]
    rejected_frame_ids: [13, 21, 31, 32]
