config:

    camera_calibration: [[-9.99786020e-01, 7.79549507e-03, -1.91610031e-02, 2.03061860e+03],
            [6.07922001e-03, 9.96097382e-01, 8.80513950e-02, -1.61639003e+02],
            [1.97726293e-02, 8.79160698e-02, -9.95931628e-01, 1.57027335e+03],
            [0.0, 0.0, 0.0, 1.0]]
    tool_calibration: [[2.62134170e-01, -9.65019429e-01, -4.81441449e-03, 1.02396881e+02],
            [4.75627315e-04, 5.11806178e-03, -9.99986790e-01, 3.49929510e+02],
            [9.65031321e-01, 2.62128417e-01, 1.80060848e-03, 1.11641586e+02],
            [0.0, 0.0, 0.0, 1.0]]
    base2cam: [[-9.99786020e-01, 7.79549507e-03, -1.91610031e-02, 2.03061860e+03],
            [6.07922001e-03, 9.96097382e-01, 8.80513950e-02, -1.61639003e+02],
            [1.97726293e-02, 8.79160698e-02, -9.95931628e-01, 1.57027335e+03],
            [0.0, 0.0, 0.0, 1.0]]
    cam2base: [[-0.9997860204282406, 0.006079220013422561, 0.01977262925066575, 2000.1182953918017],
            [0.0077954950784043815, 0.9960973824972049, 0.08791606985631761, 7.126248963227591],
            [-0.019161003160561615, 0.08805139500096297, -0.9959316281473797, 1617.0261232151502],
            [0.0, 0.0, 0.0, 1.0]]
